local AnimData = {
  [1] = {Time = 0, Poses = {['HumanoidRootPart'] = CFrame.new(0.0000,0.0000,0.0000,1.0000,0.0000,0.0000,0.0000,1.0000,0.0000,0.0000,0.0000,1.0000),['Torso'] = CFrame.new(-1.3510,0.2043,-0.1652,0.9129,-0.2882,-0.2890,0.3707,0.8818,0.2915,0.1708,-0.3732,0.9119),['Right Arm'] = CFrame.new(0.0563,0.1266,0.4406,0.3026,0.0307,-0.9526,0.9291,-0.2323,0.2876,-0.2125,-0.9722,-0.0988),['Left Arm'] = CFrame.new(-0.2285,-0.3055,0.5572,0.2507,0.3800,0.8903,-0.9609,0.2097,0.1810,-0.1179,-0.9009,0.4177),['Right Leg'] = CFrame.new(-0.0803,0.3146,-0.1255,0.8240,0.5543,-0.1175,-0.3790,0.6933,0.6130,0.4212,-0.4606,0.7813),['Left Leg'] = CFrame.new(0.1432,-0.1024,-0.0350,0.9108,-0.3372,0.2382,0.3898,0.8924,-0.2275,-0.1358,0.3001,0.9442),['Head'] = CFrame.new(-0.0603,-0.1869,-0.0172,0.9165,0.3613,0.1717,-0.2801,0.8861,-0.3693,-0.2855,0.2904,0.9133),}},
  [2] = {Time = 0.01666666753590107, Poses = {['HumanoidRootPart'] = CFrame.new(0.0000,0.0000,0.0000,1.0000,0.0000,0.0000,0.0000,1.0000,0.0000,0.0000,0.0000,1.0000),['Torso'] = CFrame.new(-1.3510,0.2043,-0.1652,0.9129,-0.2882,-0.2890,0.3707,0.8818,0.2915,0.1708,-0.3732,0.9119),['Right Arm'] = CFrame.new(0.0563,0.1266,0.4406,0.3026,0.0307,-0.9526,0.9291,-0.2323,0.2876,-0.2125,-0.9722,-0.0988),['Left Arm'] = CFrame.new(-0.2285,-0.3055,0.5572,0.2507,0.3800,0.8903,-0.9609,0.2097,0.1810,-0.1179,-0.9009,0.4177),['Right Leg'] = CFrame.new(-0.0803,0.3146,-0.1255,0.8240,0.5543,-0.1175,-0.3790,0.6933,0.6130,0.4212,-0.4606,0.7813),['Left Leg'] = CFrame.new(0.1432,-0.1024,-0.0350,0.9108,-0.3372,0.2382,0.3898,0.8924,-0.2275,-0.1358,0.3001,0.9442),['Head'] = CFrame.new(-0.0603,-0.1869,-0.0172,0.9165,0.3613,0.1717,-0.2801,0.8861,-0.3693,-0.2855,0.2904,0.9133),}},
  [3] = {Time = 0.03333333507180214, Poses = {['HumanoidRootPart'] = CFrame.new(0.0000,0.0000,0.0000,1.0000,0.0000,0.0000,0.0000,1.0000,0.0000,0.0000,0.0000,1.0000),['Torso'] = CFrame.new(-1.1816,0.2038,-0.1675,0.9142,-0.2845,-0.2886,0.3670,0.8831,0.2923,0.1717,-0.3732,0.9117),['Right Arm'] = CFrame.new(0.0576,0.1233,0.4415,0.3016,0.0276,-0.9530,0.9300,-0.2288,0.2877,-0.2102,-0.9731,-0.0947),['Left Arm'] = CFrame.new(-0.2272,-0.3022,0.5563,0.2506,0.3770,0.8917,-0.9612,0.2066,0.1827,-0.1153,-0.9029,0.4142),['Right Leg'] = CFrame.new(-0.0392,0.2968,-0.1054,0.8104,0.5742,-0.1166,-0.3952,0.6825,0.6148,0.4326,-0.4522,0.7800),['Left Leg'] = CFrame.new(0.1433,-0.1029,-0.0352,0.9103,-0.3383,0.2386,0.3913,0.8914,-0.2287,-0.1353,0.3015,0.9438),['Head'] = CFrame.new(-0.0593,-0.1869,-0.0172,0.9178,0.3576,0.1726,-0.2763,0.8873,-0.3693,-0.2852,0.2912,0.9132),}},
  [4] = {Time = 0.05000000074505806, Poses = {['HumanoidRootPart'] = CFrame.new(0.0000,0.0000,0.0000,1.0000,0.0000,0.0000,0.0000,1.0000,0.0000,0.0000,0.0000,1.0000),['Torso'] = CFrame.new(-0.7285,0.2025,-0.1737,0.9180,-0.2737,-0.2871,0.3565,0.8866,0.2948,0.1739,-0.3729,0.9114),['Right Arm'] = CFrame.new(0.0615,0.1136,0.4440,0.2991,0.0187,-0.9541,0.9323,-0.2189,0.2880,-0.2035,-0.9756,-0.0829),['Left Arm'] = CFrame.new(-0.2233,-0.2925,0.5535,0.2502,0.3685,0.8953,-0.9622,0.1977,0.1875,-0.1079,-0.9084,0.4040),['Right Leg'] = CFrame.new(0.0243,0.2726,-0.0767,0.7906,0.6015,-0.1143,-0.4169,0.6656,0.6190,0.4484,-0.4418,0.7770),['Left Leg'] = CFrame.new(0.1437,-0.1041,-0.0356,0.9089,-0.3414,0.2395,0.3949,0.8891,-0.2312,-0.1340,0.3047,0.9430),['Head'] = CFrame.new(-0.0567,-0.1869,-0.0172,0.9215,0.3470,0.1746,-0.2655,0.8907,-0.3690,-0.2836,0.2937,0.9129),}},
  [5] = {Time = 0.06666667014360428, Poses = {['HumanoidRootPart'] = CFrame.new(0.0000,0.0000,0.0000,1.0000,0.0000,0.0000,0.0000,1.0000,0.0000,0.0000,0.0000,1.0000),['Torso'] = CFrame.new(-0.0745,0.2010,-0.1826,0.9239,-0.2566,-0.2837,0.3394,0.8919,0.2988,0.1764,-0.3724,0.9112),['Right Arm'] = CFrame.new(0.0676,0.0984,0.4478,0.2951,0.0045,-0.9555,0.9358,-0.2032,0.2881,-0.1929,-0.9791,-0.0642),['Left Arm'] = CFrame.new(-0.2173,-0.2773,0.5492,0.2498,0.3548,0.9010,-0.9635,0.1834,0.1949,-0.0961,-0.9168,0.3877),['Right Leg'] = CFrame.new(0.0827,0.2538,-0.0530,0.7749,0.6221,-0.1117,-0.4327,0.6509,0.6238,0.4608,-0.4351,0.7736),['Left Leg'] = CFrame.new(0.1442,-0.1052,-0.0360,0.9070,-0.3457,0.2406,0.3998,0.8863,-0.2336,-0.1325,0.3081,0.9421),['Head'] = CFrame.new(-0.0524,-0.1869,-0.0172,0.9272,0.3299,0.1771,-0.2484,0.8958,-0.3685,-0.2802,0.2977,0.9126),}},
  [6] = {Time = 0.0833333358168602, Poses = {['HumanoidRootPart'] = CFrame.new(0.0000,0.0000,0.0000,1.0000,0.0000,0.0000,0.0000,1.0000,0.0000,0.0000,0.0000,1.0000),['Torso'] = CFrame.new(0.6979,0.1996,-0.1930,0.9317,-0.2340,-0.2778,0.3163,0.8985,0.3042,0.1784,-0.3713,0.9112),['Right Arm'] = CFrame.new(0.0756,0.0784,0.4530,0.2901,-0.0143,-0.9569,0.9402,-0.1824,0.2878,-0.1787,-0.9831,-0.0395),['Left Arm'] = CFrame.new(-0.2093,-0.2573,0.5436,0.2494,0.3366,0.9080,-0.9650,0.1644,0.2042,-0.0805,-0.9272,0.3658),['Right Leg'] = CFrame.new(0.1391,0.2381,-0.0322,0.7625,0.6377,-0.1094,-0.4447,0.6393,0.6273,0.4700,-0.4297,0.7710),['Left Leg'] = CFrame.new(0.1446,-0.1055,-0.0362,0.9049,-0.3505,0.2416,0.4049,0.8838,-0.2345,-0.1313,0.3100,0.9416),['Head'] = CFrame.new(-0.0468,-0.1869,-0.0172,0.9348,0.3067,0.1790,-0.2257,0.9023,-0.3674,-0.2742,0.3030,0.9127),}},
  [7] = {Time = 0.10000000149011612, Poses = {['HumanoidRootPart'] = CFrame.new(0.0000,0.0000,0.0000,1.0000,0.0000,0.0000,0.0000,1.0000,0.0000,0.0000,0.0000,1.0000),['Torso'] = CFrame.new(1.5061,0.1989,-0.2036,0.9409,-0.2065,-0.2685,0.2875,0.9059,0.3108,0.1790,-0.3697,0.9118),['Right Arm'] = CFrame.new(0.0852,0.0543,0.4592,0.2845,-0.0372,-0.9580,0.9450,-0.1572,0.2867,-0.1613,-0.9869,-0.0096),['Left Arm'] = CFrame.new(-0.1997,-0.2332,0.5368,0.2495,0.3144,0.9159,-0.9664,0.1410,0.2148,-0.0616,-0.9388,0.3390),['Right Leg'] = CFrame.new(0.1935,0.2247,-0.0138,0.7533,0.6487,-0.1084,-0.4542,0.6323,0.6276,0.4757,-0.4235,0.7709),['Left Leg'] = CFrame.new(0.0303,-0.1541,-0.0188,0.8774,-0.4142,0.2420,0.4669,0.8533,-0.2321,-0.1104,0.3166,0.9421),['Head'] = CFrame.new(-0.0401,-0.1869,-0.0172,0.9437,0.2778,0.1795,-0.1982,0.9094,-0.3657,-0.2649,0.3096,0.9132),}},
  [8] = {Time = 0.11666666716337204, Poses = {['HumanoidRootPart'] = CFrame.new(0.0000,0.0000,0.0000,1.0000,0.0000,0.0000,0.0000,1.0000,0.0000,0.0000,0.0000,1.0000),['Torso'] = CFrame.new(2.2674,0.1991,-0.2133,0.9510,-0.1749,-0.2551,0.2534,0.9135,0.3183,0.1774,-0.3674,0.9130),['Right Arm'] = CFrame.new(0.0961,0.0269,0.4664,0.2785,-0.0635,-0.9583,0.9500,-0.1283,0.2846,-0.1411,-0.9897,0.0246),['Left Arm'] = CFrame.new(-0.1888,-0.2058,0.5292,0.2501,0.2887,0.9242,-0.9674,0.1139,0.2262,-0.0400,-0.9506,0.3077),['Right Leg'] = CFrame.new(0.2452,0.2124,0.0028,0.7474,0.6553,-0.1096,-0.4622,0.6313,0.6228,0.4773,-0.4148,0.7747),['Left Leg'] = CFrame.new(-0.0461,-0.1811,-0.0055,0.8563,-0.4565,0.2416,0.5070,0.8321,-0.2247,-0.0984,0.3149,0.9440),['Head'] = CFrame.new(-0.0325,-0.1869,-0.0172,0.9534,0.2437,0.1777,-0.1665,0.9166,-0.3634,-0.2514,0.3169,0.9145),}},
  [9] = {Time = 0.13333334028720856, Poses = {['HumanoidRootPart'] = CFrame.new(0.0000,0.0000,0.0000,1.0000,0.0000,0.0000,0.0000,1.0000,0.0000,0.0000,0.0000,1.0000),['Torso'] = CFrame.new(2.8994,0.2005,-0.2209,0.9614,-0.1400,-0.2369,0.2145,0.9206,0.3263,0.1724,-0.3645,0.9151),['Right Arm'] = CFrame.new(0.1081,-0.0032,0.4743,0.2725,-0.0926,-0.9577,0.9548,-0.0966,0.2810,-0.1185,-0.9910,0.0621),['Left Arm'] = CFrame.new(-0.1768,-0.1757,0.5208,0.2514,0.2601,0.9323,-0.9678,0.0837,0.2376,-0.0162,-0.9619,0.2728),['Right Leg'] = CFrame.new(0.2928,0.2002,0.0179,0.7448,0.6575,-0.1136,-0.4697,0.6377,0.6106,0.4739,-0.4014,0.7838),['Left Leg'] = CFrame.new(-0.1059,-0.1960,0.0070,0.8385,-0.4893,0.2398,0.5369,0.8170,-0.2104,-0.0930,0.3051,0.9478),['Head'] = CFrame.new(-0.0241,-0.1869,-0.0172,0.9635,0.2046,0.1725,-0.1315,0.9234,-0.3605,-0.2331,0.3247,0.9166),}},
  [10] = {Time = 0.15000000596046448, Poses = {['HumanoidRootPart'] = CFrame.new(0.0000,0.0000,0.0000,1.0000,0.0000,0.0000,0.0000,1.0000,0.0000,0.0000,0.0000,1.0000),['Torso'] = CFrame.new(3.3193,0.2031,-0.2254,0.9717,-0.1025,-0.2130,0.1711,0.9268,0.3342,0.1631,-0.3612,0.9181),['Right Arm'] = CFrame.new(0.1209,-0.0352,0.4827,0.2669,-0.1237,-0.9557,0.9591,-0.0627,0.2760,-0.0941,-0.9903,0.1019),['Left Arm'] = CFrame.new(-0.1641,-0.1437,0.5121,0.2536,0.2294,0.9397,-0.9673,0.0510,0.2485,0.0091,-0.9720,0.2348),['Right Leg'] = CFrame.new(0.3344,0.1869,0.0324,0.7454,0.6555,-0.1213,-0.4777,0.6522,0.5886,0.4649,-0.3808,0.7993),['Left Leg'] = CFrame.new(-0.1579,-0.2015,0.0201,0.8226,-0.5172,0.2361,0.5608,0.8066,-0.1867,-0.0939,0.2860,0.9536),['Head'] = CFrame.new(-0.0152,-0.1869,-0.0172,0.9734,0.1612,0.1631,-0.0940,0.9293,-0.3572,-0.2091,0.3324,0.9197),}},
  [11] = {Time = 0.1666666716337204, Poses = {['HumanoidRootPart'] = CFrame.new(0.0000,0.0000,0.0000,1.0000,0.0000,0.0000,0.0000,1.0000,0.0000,0.0000,0.0000,1.0000),['Torso'] = CFrame.new(3.4447,0.2071,-0.2257,0.9811,-0.0634,-0.1827,0.1238,0.9317,0.3415,0.1486,-0.3576,0.9220),['Right Arm'] = CFrame.new(0.1341,-0.0683,0.4916,0.2619,-0.1561,-0.9524,0.9627,-0.0277,0.2692,-0.0684,-0.9874,0.1430),['Left Arm'] = CFrame.new(-0.1509,-0.1106,0.5030,0.2567,0.1973,0.9462,-0.9659,0.0166,0.2585,0.0353,-0.9802,0.1948),['Right Leg'] = CFrame.new(0.3673,0.1704,0.0470,0.7488,0.6492,-0.1332,-0.4868,0.6752,0.5542,0.4497,-0.3502,0.8217),['Left Leg'] = CFrame.new(-0.2040,-0.1968,0.0341,0.8083,-0.5419,0.2301,0.5798,0.8006,-0.1513,-0.1022,0.2557,0.9613),['Head'] = CFrame.new(-0.0059,-0.1869,-0.0172,0.9824,0.1139,0.1483,-0.0548,0.9338,-0.3537,-0.1788,0.3393,0.9235),}},
  [12] = {Time = 0.18333333730697632, Poses = {['HumanoidRootPart'] = CFrame.new(0.0000,0.0000,0.0000,1.0000,0.0000,0.0000,0.0000,1.0000,0.0000,0.0000,0.0000,1.0000),['Torso'] = CFrame.new(3.3907,0.2123,-0.2215,0.9891,-0.0235,-0.1456,0.0733,0.9349,0.3473,0.1280,-0.3542,0.9264),['Right Arm'] = CFrame.new(0.1475,-0.1019,0.5007,0.2576,-0.1889,-0.9476,0.9653,0.0076,0.2609,-0.0421,-0.9820,0.1843),['Left Arm'] = CFrame.new(-0.1375,-0.0770,0.4939,0.2607,0.1645,0.9513,-0.9635,-0.0186,0.2672,0.0617,-0.9862,0.1537),['Right Leg'] = CFrame.new(0.3883,0.1488,0.0620,0.7550,0.6385,-0.1492,-0.4970,0.7057,0.5049,0.4277,-0.3071,0.8502),['Left Leg'] = CFrame.new(-0.2439,-0.1813,0.0482,0.7956,-0.5640,0.2213,0.5941,0.7979,-0.1020,-0.1191,0.2126,0.9699),['Head'] = CFrame.new(0.0035,-0.1869,-0.0172,0.9898,0.0634,0.1275,-0.0149,0.9365,-0.3503,-0.1416,0.3448,0.9279),}},
  [13] = {Time = 0.20000000298023224, Poses = {['HumanoidRootPart'] = CFrame.new(0.0000,0.0000,0.0000,1.0000,0.0000,0.0000,0.0000,1.0000,0.0000,0.0000,0.0000,1.0000),['Torso'] = CFrame.new(3.3277,0.2178,-0.2137,0.9946,0.0168,-0.1026,0.0205,0.9361,0.3512,0.1020,-0.3513,0.9307),['Right Arm'] = CFrame.new(0.1607,-0.1353,0.5097,0.2543,-0.2212,-0.9415,0.9670,0.0423,0.2512,-0.0158,-0.9743,0.2247),['Left Arm'] = CFrame.new(-0.1242,-0.0436,0.4850,0.2655,0.1320,0.9550,-0.9601,-0.0538,0.2744,0.0876,-0.9898,0.1124),['Right Leg'] = CFrame.new(0.3955,0.1206,0.0766,0.7635,0.6236,-0.1678,-0.5074,0.7400,0.4414,0.3995,-0.2519,0.8815),['Left Leg'] = CFrame.new(-0.2761,-0.1558,0.0609,0.7841,-0.5840,0.2102,0.6036,0.7963,-0.0394,-0.1444,0.1577,0.9769),['Head'] = CFrame.new(0.0128,-0.1869,-0.0172,0.9948,0.0106,0.1013,0.0254,0.9374,-0.3475,-0.0986,0.3482,0.9322),}},
  [14] = {Time = 0.21666666865348816, Poses = {['HumanoidRootPart'] = CFrame.new(0.0000,0.0000,0.0000,1.0000,0.0000,0.0000,0.0000,1.0000,0.0000,0.0000,0.0000,1.0000),['Torso'] = CFrame.new(3.2556,0.2228,-0.2038,0.9969,0.0568,-0.0550,-0.0339,0.9352,0.3524,0.0715,-0.3495,0.9342),['Right Arm'] = CFrame.new(0.1736,-0.1676,0.5186,0.2518,-0.2524,-0.9343,0.9677,0.0755,0.2405,0.0098,-0.9647,0.2633),['Left Arm'] = CFrame.new(-0.1114,-0.0113,0.4764,0.2710,0.1005,0.9573,-0.9560,-0.0880,0.2799,0.1124,-0.9910,0.0722),['Right Leg'] = CFrame.new(0.3879,0.0854,0.0887,0.7739,0.6049,-0.1874,-0.5166,0.7742,0.3657,0.3663,-0.1862,0.9117),['Left Leg'] = CFrame.new(-0.2985,-0.1218,0.0706,0.7737,-0.6020,0.1974,0.6082,0.7930,0.0347,-0.1774,0.0932,0.9797),['Head'] = CFrame.new(0.0218,-0.1869,-0.0172,0.9966,-0.0436,0.0706,0.0655,0.9361,-0.3456,-0.0510,0.3490,0.9357),}},
  [15] = {Time = 0.23333333432674408, Poses = {['HumanoidRootPart'] = CFrame.new(0.0000,0.0000,0.0000,1.0000,0.0000,0.0000,0.0000,1.0000,0.0000,0.0000,0.0000,1.0000),['Torso'] = CFrame.new(3.1741,0.2265,-0.1930,0.9954,0.0962,-0.0042,-0.0886,0.9322,0.3508,0.0376,-0.3488,0.9364),['Right Arm'] = CFrame.new(0.1858,-0.1983,0.5271,0.2503,-0.2816,-0.9263,0.9676,0.1064,0.2291,0.0341,-0.9536,0.2991),['Left Arm'] = CFrame.new(-0.0991,0.0194,0.4683,0.2769,0.0708,0.9583,-0.9513,-0.1204,0.2838,0.1355,-0.9902,0.0340),['Right Leg'] = CFrame.new(0.3647,0.0435,0.0956,0.7862,0.5827,-0.2060,-0.5230,0.8048,0.2806,0.3293,-0.1128,0.9375),['Left Leg'] = CFrame.new(-0.3090,-0.0812,0.0758,0.7646,-0.6178,0.1835,0.6069,0.7860,0.1175,-0.2168,0.0215,0.9760),['Head'] = CFrame.new(0.0304,-0.1869,-0.0172,0.9945,-0.0982,0.0365,0.1048,0.9327,-0.3450,-0.0002,0.3469,0.9379),}},
  [16] = {Time = 0.25, Poses = {['HumanoidRootPart'] = CFrame.new(0.0000,0.0000,0.0000,1.0000,0.0000,0.0000,0.0000,1.0000,0.0000,0.0000,0.0000,1.0000),['Torso'] = CFrame.new(3.0831,0.2284,-0.1825,0.9898,0.1342,0.0484,-0.1427,0.9272,0.3463,0.0016,-0.3496,0.9369),['Right Arm'] = CFrame.new(0.1970,-0.2265,0.5350,0.2496,-0.3081,-0.9180,0.9667,0.1344,0.2177,0.0564,-0.9418,0.3314),['Left Arm'] = CFrame.new(-0.0879,0.0476,0.4610,0.2829,0.0436,0.9581,-0.9463,-0.1502,0.2863,0.1564,-0.9877,-0.0012),['Right Leg'] = CFrame.new(0.3259,-0.0026,0.0945,0.8002,0.5570,-0.2223,-0.5249,0.8297,0.1899,0.2902,-0.0353,0.9563),['Left Leg'] = CFrame.new(-0.3056,-0.0354,0.0753,0.7573,-0.6308,0.1692,0.5987,0.7740,0.2059,-0.2609,-0.0546,0.9638),['Head'] = CFrame.new(0.0383,-0.1869,-0.0172,0.9884,-0.1521,0.0002,0.1427,0.9274,-0.3459,0.0524,0.3419,0.9383),}},
  [17] = {Time = 0.2666666805744171, Poses = {['HumanoidRootPart'] = CFrame.new(0.0000,0.0000,0.0000,1.0000,0.0000,0.0000,0.0000,1.0000,0.0000,0.0000,0.0000,1.0000),['Torso'] = CFrame.new(2.9822,0.2281,-0.1734,0.9802,0.1704,0.1013,-0.1950,0.9204,0.3389,-0.0355,-0.3519,0.9354),['Right Arm'] = CFrame.new(0.2070,-0.2515,0.5420,0.2494,-0.3313,-0.9100,0.9654,0.1588,0.2068,0.0760,-0.9301,0.3595),['Left Arm'] = CFrame.new(-0.0779,0.0726,0.4545,0.2887,0.0198,0.9572,-0.9414,-0.1764,0.2876,0.1746,-0.9841,-0.0323),['Right Leg'] = CFrame.new(0.2705,-0.0484,0.0833,0.8164,0.5275,-0.2351,-0.5202,0.8485,0.0975,0.2509,0.0427,0.9671),['Left Leg'] = CFrame.new(-0.2863,0.0150,0.0681,0.7527,-0.6398,0.1553,0.5824,0.7570,0.2962,-0.3071,-0.1326,0.9424),['Head'] = CFrame.new(0.0452,-0.1869,-0.0172,0.9782,-0.2042,-0.0370,0.1789,0.9202,-0.3482,0.1052,0.3340,0.9367),}},
  [18] = {Time = 0.28333333134651184, Poses = {['HumanoidRootPart'] = CFrame.new(0.0000,0.0000,0.0000,1.0000,0.0000,0.0000,0.0000,1.0000,0.0000,0.0000,0.0000,1.0000),['Torso'] = CFrame.new(2.8713,0.2255,-0.1665,0.9669,0.2043,0.1530,-0.2448,0.9120,0.3291,-0.0723,-0.3556,0.9318),['Right Arm'] = CFrame.new(0.2154,-0.2727,0.5479,0.2497,-0.3506,-0.9026,0.9639,0.1791,0.1970,0.0925,-0.9192,0.3827),['Left Arm'] = CFrame.new(-0.0694,0.0938,0.4490,0.2939,-0.0002,0.9558,-0.9368,-0.1985,0.2881,0.1896,-0.9801,-0.0585),['Right Leg'] = CFrame.new(0.1964,-0.0878,0.0613,0.8356,0.4924,-0.2436,-0.5062,0.8624,0.0071,0.2136,0.1174,0.9698),['Left Leg'] = CFrame.new(-0.2495,0.0699,0.0525,0.7520,-0.6436,0.1423,0.5570,0.7359,0.3849,-0.3524,-0.2102,0.9119),['Head'] = CFrame.new(0.0511,-0.1869,-0.0172,0.9645,-0.2536,-0.0741,0.2127,0.9115,-0.3520,0.1568,0.3237,0.9331),}},
  [19] = {Time = 0.30000001192092896, Poses = {['HumanoidRootPart'] = CFrame.new(0.0000,0.0000,0.0000,1.0000,0.0000,0.0000,0.0000,1.0000,0.0000,0.0000,0.0000,1.0000),['Torso'] = CFrame.new(2.7503,0.2205,-0.1625,0.9506,0.2354,0.2023,-0.2910,0.9025,0.3174,-0.1078,-0.3606,0.9265),['Right Arm'] = CFrame.new(0.2220,-0.2892,0.5526,0.2501,-0.3655,-0.8966,0.9625,0.1946,0.1891,0.1054,-0.9102,0.4005),['Left Arm'] = CFrame.new(-0.0628,0.1103,0.4448,0.2982,-0.0156,0.9544,-0.9331,-0.2156,0.2880,0.2012,-0.9764,-0.0789),['Right Leg'] = CFrame.new(0.0958,-0.1120,0.0291,0.8597,0.4470,-0.2472,-0.4775,0.8751,-0.0784,0.1813,0.1855,0.9658),['Left Leg'] = CFrame.new(-0.1924,0.1303,0.0257,0.7571,-0.6400,0.1311,0.5216,0.7130,0.4687,-0.3935,-0.2864,0.8736),['Head'] = CFrame.new(0.0557,-0.1869,-0.0172,0.9477,-0.2996,-0.1098,0.2437,0.9018,-0.3570,0.2059,0.3116,0.9276),}},
  [20] = {Time = 0.3166666626930237, Poses = {['HumanoidRootPart'] = CFrame.new(0.0000,0.0000,0.0000,1.0000,0.0000,0.0000,0.0000,1.0000,0.0000,0.0000,0.0000,1.0000),['Torso'] = CFrame.new(2.6190,0.2134,-0.1619,0.9323,0.2635,0.2479,-0.3332,0.8923,0.3046,-0.1410,-0.3665,0.9197),['Right Arm'] = CFrame.new(0.2265,-0.3004,0.5558,0.2505,-0.3755,-0.8923,0.9614,0.2050,0.1836,0.1140,-0.9039,0.4124),['Left Arm'] = CFrame.new(-0.0583,0.1215,0.4419,0.3012,-0.0260,0.9532,-0.9304,-0.2271,0.2878,0.2090,-0.9735,-0.0926),['Right Leg'] = CFrame.new(-0.0942,-0.0892,-0.0200,0.9013,0.3568,-0.2456,-0.4002,0.9029,-0.1570,0.1657,0.2398,0.9566),['Left Leg'] = CFrame.new(-0.1085,0.1997,-0.0184,0.7714,-0.6245,0.1226,0.4734,0.6918,0.5452,-0.4253,-0.3625,0.8293),['Head'] = CFrame.new(0.0589,-0.1869,-0.0172,0.9290,-0.3414,-0.1431,0.2716,0.8913,-0.3630,0.2515,0.2984,0.9207),}},
  [21] = {Time = 0.3333333432674408, Poses = {['HumanoidRootPart'] = CFrame.new(0.0000,0.0000,0.0000,1.0000,0.0000,0.0000,0.0000,1.0000,0.0000,0.0000,0.0000,1.0000),['Torso'] = CFrame.new(2.4778,0.2043,-0.1652,0.9129,0.2882,0.2890,-0.3707,0.8818,0.2915,-0.1708,-0.3732,0.9119),['Right Arm'] = CFrame.new(0.2285,-0.3055,0.5572,0.2507,-0.3800,-0.8903,0.9609,0.2097,0.1810,0.1179,-0.9009,0.4177),['Left Arm'] = CFrame.new(-0.0563,0.1266,0.4406,0.3026,-0.0307,0.9526,-0.9291,-0.2323,0.2876,0.2125,-0.9722,-0.0988),['Right Leg'] = CFrame.new(-0.1432,-0.1024,-0.0350,0.9108,0.3372,-0.2382,-0.3898,0.8923,-0.2275,0.1358,0.3001,0.9442),['Left Leg'] = CFrame.new(0.0803,0.3146,-0.1255,0.8240,-0.5543,0.1175,0.3789,0.6933,0.6130,-0.4212,-0.4606,0.7813),['Head'] = CFrame.new(0.0603,-0.1869,-0.0172,0.9092,-0.3786,-0.1731,0.2963,0.8806,-0.3697,0.2924,0.2849,0.9129),}},
  [22] = {Time = 0.3499999940395355, Poses = {['HumanoidRootPart'] = CFrame.new(0.0000,0.0000,0.0000,1.0000,0.0000,0.0000,0.0000,1.0000,0.0000,0.0000,0.0000,1.0000),['Torso'] = CFrame.new(2.2814,0.1937,-0.1724,0.8937,0.3095,0.3247,-0.4032,0.8716,0.2789,-0.1967,-0.3802,0.9038),['Right Arm'] = CFrame.new(0.2279,-0.3041,0.5568,0.2506,-0.3787,-0.8909,0.9610,0.2084,0.1818,0.1168,-0.9017,0.4162),['Left Arm'] = CFrame.new(-0.0569,0.1252,0.4410,0.3022,-0.0294,0.9528,-0.9295,-0.2308,0.2877,0.2115,-0.9726,-0.0970),['Right Leg'] = CFrame.new(-0.1366,-0.1328,-0.0406,0.9106,0.3468,-0.2250,-0.4023,0.8686,-0.2893,0.0951,0.3540,0.9304),['Left Leg'] = CFrame.new(0.0793,0.3430,-0.1512,0.8080,-0.5775,0.1165,0.3646,0.6454,0.6712,-0.4628,-0.4999,0.7321),['Head'] = CFrame.new(0.0599,-0.1869,-0.0172,0.8897,-0.4108,-0.1990,0.3175,0.8702,-0.3768,0.3280,0.2720,0.9047),}},
  [23] = {Time = 0.36666667461395264, Poses = {['HumanoidRootPart'] = CFrame.new(0.0000,0.0000,0.0000,1.0000,0.0000,0.0000,0.0000,1.0000,0.0000,0.0000,0.0000,1.0000),['Torso'] = CFrame.new(2.0172,0.1823,-0.1825,0.8760,0.3270,0.3547,-0.4302,0.8621,0.2677,-0.2182,-0.3870,0.8959),['Right Arm'] = CFrame.new(0.2249,-0.2965,0.5547,0.2503,-0.3720,-0.8938,0.9618,0.2013,0.1856,0.1109,-0.9061,0.4082),['Left Arm'] = CFrame.new(-0.0599,0.1176,0.4429,0.3001,-0.0223,0.9536,-0.9313,-0.2230,0.2879,0.2062,-0.9746,-0.0877),['Right Leg'] = CFrame.new(-0.1277,-0.1591,-0.0463,0.9108,0.3571,-0.2072,-0.4094,0.8456,-0.3425,0.0529,0.3967,0.9164),['Left Leg'] = CFrame.new(0.0801,0.3665,-0.1762,0.7923,-0.5985,0.1190,0.3464,0.6016,0.7197,-0.5023,-0.5290,0.6840),['Head'] = CFrame.new(0.0578,-0.1869,-0.0172,0.8717,-0.4376,-0.2207,0.3349,0.8606,-0.3837,0.3578,0.2605,0.8967),}},
  [24] = {Time = 0.38333332538604736, Poses = {['HumanoidRootPart'] = CFrame.new(0.0000,0.0000,0.0000,1.0000,0.0000,0.0000,0.0000,1.0000,0.0000,0.0000,0.0000,1.0000),['Torso'] = CFrame.new(1.7337,0.1713,-0.1944,0.8608,0.3401,0.3786,-0.4511,0.8542,0.2584,-0.2355,-0.3932,0.8888),['Right Arm'] = CFrame.new(0.2197,-0.2834,0.5510,0.2499,-0.3603,-0.8987,0.9630,0.1892,0.1920,0.1008,-0.9135,0.3942),['Left Arm'] = CFrame.new(-0.0651,0.1045,0.4463,0.2967,-0.0102,0.9549,-0.9344,-0.2095,0.2881,0.1972,-0.9777,-0.0717),['Right Leg'] = CFrame.new(-0.1172,-0.1811,-0.0517,0.9114,0.3670,-0.1861,-0.4113,0.8253,-0.3868,0.0117,0.4291,0.9032),['Left Leg'] = CFrame.new(0.0824,0.3853,-0.1994,0.7777,-0.6161,0.1245,0.3255,0.5642,0.7588,-0.5378,-0.5496,0.6393),['Head'] = CFrame.new(0.0541,-0.1869,-0.0172,0.8563,-0.4583,-0.2380,0.3479,0.8526,-0.3899,0.3817,0.2511,0.8895),}},
  [25] = {Time = 0.4000000059604645, Poses = {['HumanoidRootPart'] = CFrame.new(0.0000,0.0000,0.0000,1.0000,0.0000,0.0000,0.0000,1.0000,0.0000,0.0000,0.0000,1.0000),['Torso'] = CFrame.new(1.4797,0.1615,-0.2069,0.8495,0.3485,0.3962,-0.4656,0.8484,0.2518,-0.2484,-0.3984,0.8830),['Right Arm'] = CFrame.new(0.2126,-0.2655,0.5459,0.2495,-0.3441,-0.9052,0.9645,0.1723,0.2004,0.0870,-0.9230,0.3749),['Left Arm'] = CFrame.new(-0.0723,0.0866,0.4509,0.2921,0.0066,0.9564,-0.9384,-0.1910,0.2880,0.1846,-0.9816,-0.0496),['Right Leg'] = CFrame.new(-0.1057,-0.1988,-0.0562,0.9124,0.3755,-0.1630,-0.4085,0.8093,-0.4222,-0.0267,0.4517,0.8918),['Left Leg'] = CFrame.new(0.0862,0.3994,-0.2197,0.7654,-0.6297,0.1329,0.3032,0.5350,0.7886,-0.5677,-0.5633,0.6004),['Head'] = CFrame.new(0.0491,-0.1869,-0.0172,0.8448,-0.4726,-0.2509,0.3563,0.8467,-0.3951,0.3992,0.2444,0.8837),}},
  [26] = {Time = 0.4166666567325592, Poses = {['HumanoidRootPart'] = CFrame.new(0.0000,0.0000,0.0000,1.0000,0.0000,0.0000,0.0000,1.0000,0.0000,0.0000,0.0000,1.0000),['Torso'] = CFrame.new(1.3039,0.1540,-0.2188,0.8429,0.3518,0.4072,-0.4729,0.8453,0.2485,-0.2567,-0.4020,0.8789),['Right Arm'] = CFrame.new(0.2038,-0.2435,0.5397,0.2494,-0.3239,-0.9126,0.9659,0.1511,0.2103,0.0698,-0.9339,0.3506),['Left Arm'] = CFrame.new(-0.0811,0.0646,0.4565,0.2868,0.0274,0.9576,-0.9430,-0.1681,0.2873,0.1688,-0.9854,-0.0224),['Right Leg'] = CFrame.new(-0.0937,-0.2118,-0.0595,0.9137,0.3819,-0.1387,-0.4019,0.7987,-0.4479,-0.0603,0.4650,0.8832),['Left Leg'] = CFrame.new(0.0915,0.4091,-0.2358,0.7560,-0.6384,0.1442,0.2810,0.5156,0.8094,-0.5911,-0.5714,0.5692),['Head'] = CFrame.new(0.0430,-0.1869,-0.0172,0.8382,-0.4798,-0.2594,0.3595,0.8436,-0.3988,0.4101,0.2410,0.8796),}},
  [27] = {Time = 0.4333333373069763, Poses = {['HumanoidRootPart'] = CFrame.new(0.0000,0.0000,0.0000,1.0000,0.0000,0.0000,0.0000,1.0000,0.0000,0.0000,0.0000,1.0000),['Torso'] = CFrame.new(1.2548,0.1494,-0.2292,0.8420,0.3495,0.4111,-0.4725,0.8454,0.2490,-0.2605,-0.4039,0.8769),['Right Arm'] = CFrame.new(0.1937,-0.2181,0.5326,0.2497,-0.3003,-0.9206,0.9670,0.1262,0.2212,0.0497,-0.9455,0.3219),['Left Arm'] = CFrame.new(-0.0912,0.0392,0.4632,0.2811,0.0517,0.9583,-0.9478,-0.1414,0.2857,0.1502,-0.9886,0.0092),['Right Leg'] = CFrame.new(-0.0817,-0.2197,-0.0610,0.9155,0.3856,-0.1145,-0.3925,0.7945,-0.4633,-0.0877,0.4691,0.8788),['Left Leg'] = CFrame.new(0.0985,0.4144,-0.2468,0.7504,-0.6417,0.1585,0.2605,0.5075,0.8213,-0.6075,-0.5750,0.5480),['Head'] = CFrame.new(0.0359,-0.1869,-0.0172,0.8372,-0.4794,-0.2631,0.3572,0.8438,-0.4006,0.4141,0.2414,0.8777),}},
  [28] = {Time = 0.44999998807907104, Poses = {['HumanoidRootPart'] = CFrame.new(0.0000,0.0000,0.0000,1.0000,0.0000,0.0000,0.0000,1.0000,0.0000,0.0000,0.0000,1.0000),['Torso'] = CFrame.new(1.6008,0.1486,-0.2369,0.8473,0.3408,0.4073,-0.4634,0.8491,0.2535,-0.2594,-0.4036,0.8774),['Right Arm'] = CFrame.new(0.1825,-0.1899,0.5248,0.2507,-0.2736,-0.9286,0.9677,0.0980,0.2323,0.0275,-0.9568,0.2894),['Left Arm'] = CFrame.new(-0.1025,0.0110,0.4705,0.2753,0.0789,0.9581,-0.9526,-0.1116,0.2829,0.1292,-0.9906,0.0444),['Right Leg'] = CFrame.new(-0.0702,-0.2219,-0.0601,0.9179,0.3861,-0.0912,-0.3818,0.7975,-0.4672,-0.1077,0.4637,0.8794),['Left Leg'] = CFrame.new(0.1071,0.4152,-0.2516,0.7491,-0.6386,0.1760,0.2429,0.5121,0.8239,-0.6163,-0.5744,0.5388),['Head'] = CFrame.new(0.0280,-0.1869,-0.0172,0.8427,-0.4704,-0.2620,0.3486,0.8475,-0.4003,0.4103,0.2460,0.8781),}},
  [29] = {Time = 0.46666666865348816, Poses = {['HumanoidRootPart'] = CFrame.new(0.0000,0.0000,0.0000,1.0000,0.0000,0.0000,0.0000,1.0000,0.0000,0.0000,0.0000,1.0000),['Torso'] = CFrame.new(2.3290,0.1520,-0.2412,0.8593,0.3250,0.3950,-0.4445,0.8565,0.2623,-0.2531,-0.4010,0.8804),['Right Arm'] = CFrame.new(0.1704,-0.1595,0.5164,0.2524,-0.2447,-0.9362,0.9676,0.0672,0.2433,0.0034,-0.9673,0.2537),['Left Arm'] = CFrame.new(-0.1146,-0.0193,0.4785,0.2696,0.1083,0.9569,-0.9571,-0.0795,0.2786,0.1062,-0.9909,0.0822),['Right Leg'] = CFrame.new(-0.0598,-0.2176,-0.0564,0.9209,0.3834,-0.0701,-0.3712,0.8078,-0.4579,-0.1190,0.4477,0.8862),['Left Leg'] = CFrame.new(0.1176,0.4109,-0.2493,0.7526,-0.6284,0.1968,0.2296,0.5305,0.8160,-0.6172,-0.5689,0.5435),['Head'] = CFrame.new(0.0196,-0.1869,-0.0172,0.8548,-0.4516,-0.2556,0.3328,0.8550,-0.3976,0.3981,0.2549,0.8812),}},
  [30] = {Time = 0.4833333194255829, Poses = {['HumanoidRootPart'] = CFrame.new(0.0000,0.0000,0.0000,1.0000,0.0000,0.0000,0.0000,1.0000,0.0000,0.0000,0.0000,1.0000),['Torso'] = CFrame.new(3.0653,0.1599,-0.2412,0.8777,0.3008,0.3730,-0.4143,0.8676,0.2751,-0.2408,-0.3960,0.8861),['Right Arm'] = CFrame.new(0.1578,-0.1278,0.5077,0.2549,-0.2140,-0.9430,0.9667,0.0345,0.2535,-0.0217,-0.9762,0.2157),['Left Arm'] = CFrame.new(-0.1272,-0.0511,0.4870,0.2644,0.1393,0.9543,-0.9609,-0.0459,0.2729,0.0818,-0.9892,0.1217),['Right Leg'] = CFrame.new(-0.0512,-0.2056,-0.0497,0.9243,0.3779,-0.0526,-0.3621,0.8253,-0.4333,-0.1203,0.4196,0.8997),['Left Leg'] = CFrame.new(0.0303,0.3733,-0.1614,0.7183,-0.6600,0.2203,0.2590,0.5475,0.7957,-0.6458,-0.5144,0.5642),['Head'] = CFrame.new(0.0107,-0.1869,-0.0172,0.8736,-0.4216,-0.2432,0.3087,0.8663,-0.3926,0.3762,0.2679,0.8870),}},
  [31] = {Time = 0.5, Poses = {['HumanoidRootPart'] = CFrame.new(0.0000,0.0000,0.0000,1.0000,0.0000,0.0000,0.0000,1.0000,0.0000,0.0000,0.0000,1.0000),['Torso'] = CFrame.new(3.4358,0.1724,-0.2363,0.9019,0.2668,0.3398,-0.3707,0.8818,0.2915,-0.2219,-0.3888,0.8942),['Right Arm'] = CFrame.new(0.1448,-0.0952,0.4989,0.2584,-0.1823,-0.9487,0.9649,0.0006,0.2627,-0.0474,-0.9832,0.1761),['Left Arm'] = CFrame.new(-0.1402,-0.0837,0.4957,0.2598,0.1711,0.9504,-0.9640,-0.0116,0.2656,0.0564,-0.9852,0.1619),['Right Leg'] = CFrame.new(-0.0454,-0.1844,-0.0402,0.9280,0.3705,-0.0406,-0.3560,0.8490,-0.3905,-0.1102,0.3768,0.9197),['Left Leg'] = CFrame.new(-0.0889,0.3275,-0.0552,0.6780,-0.6928,0.2456,0.3094,0.5720,0.7596,-0.6667,-0.4391,0.6022),['Head'] = CFrame.new(0.0016,-0.1869,-0.0172,0.8982,-0.3783,-0.2241,0.2749,0.8809,-0.3853,0.3432,0.2845,0.8952),}},
  [32] = {Time = 0.5166666507720947, Poses = {['HumanoidRootPart'] = CFrame.new(0.0000,0.0000,0.0000,1.0000,0.0000,0.0000,0.0000,1.0000,0.0000,0.0000,0.0000,1.0000),['Torso'] = CFrame.new(3.4716,0.1884,-0.2265,0.9297,0.2218,0.2940,-0.3122,0.8981,0.3099,-0.1953,-0.3799,0.9042),['Right Arm'] = CFrame.new(0.1318,-0.0625,0.4901,0.2627,-0.1505,-0.9531,0.9621,-0.0338,0.2705,-0.0729,-0.9880,0.1359),['Left Arm'] = CFrame.new(-0.1532,-0.1163,0.5046,0.2561,0.2029,0.9451,-0.9662,0.0226,0.2569,0.0307,-0.9789,0.2018),['Right Leg'] = CFrame.new(0.1440,-0.2182,-0.0442,0.8882,0.4580,-0.0357,-0.4435,0.8346,-0.3268,-0.1199,0.3061,0.9444),['Left Leg'] = CFrame.new(-0.1650,0.2858,0.0149,0.6670,-0.6943,0.2703,0.3552,0.6152,0.7038,-0.6549,-0.3734,0.6570),['Head'] = CFrame.new(-0.0075,-0.1869,-0.0172,0.9266,-0.3202,-0.1973,0.2300,0.8975,-0.3763,0.2976,0.3033,0.9052),}},
  [33] = {Time = 0.5333333611488342, Poses = {['HumanoidRootPart'] = CFrame.new(0.0000,0.0000,0.0000,1.0000,0.0000,0.0000,0.0000,1.0000,0.0000,0.0000,0.0000,1.0000),['Torso'] = CFrame.new(3.4599,0.2056,-0.2134,0.9572,0.1666,0.2366,-0.2401,0.9138,0.3277,-0.1616,-0.3705,0.9147),['Right Arm'] = CFrame.new(0.1190,-0.0304,0.4815,0.2677,-0.1191,-0.9561,0.9585,-0.0677,0.2768,-0.0977,-0.9906,0.0961),['Left Arm'] = CFrame.new(-0.1660,-0.1484,0.5134,0.2532,0.2340,0.9387,-0.9674,0.0559,0.2470,0.0054,-0.9706,0.2405),['Right Leg'] = CFrame.new(0.2397,-0.2047,-0.0297,0.8649,0.5005,-0.0380,-0.4938,0.8350,-0.2425,-0.0896,0.2285,0.9694),['Left Leg'] = CFrame.new(-0.2190,0.2383,0.0665,0.6735,-0.6793,0.2914,0.4022,0.6675,0.6266,-0.6202,-0.3048,0.7228),['Head'] = CFrame.new(-0.0165,-0.1869,-0.0172,0.9548,-0.2485,-0.1633,0.1750,0.9137,-0.3668,0.2403,0.3216,0.9159),}},
  [34] = {Time = 0.550000011920929, Poses = {['HumanoidRootPart'] = CFrame.new(0.0000,0.0000,0.0000,1.0000,0.0000,0.0000,0.0000,1.0000,0.0000,0.0000,0.0000,1.0000),['Torso'] = CFrame.new(3.4112,0.2212,-0.1990,0.9801,0.1035,0.1696,-0.1571,0.9264,0.3423,-0.1216,-0.3621,0.9242),['Right Arm'] = CFrame.new(0.1067,0.0005,0.4733,0.2732,-0.0891,-0.9578,0.9543,-0.1004,0.2815,-0.1213,-0.9909,0.0576),['Left Arm'] = CFrame.new(-0.1783,-0.1793,0.5219,0.2512,0.2636,0.9314,-0.9678,0.0874,0.2363,-0.0191,-0.9607,0.2771),['Right Leg'] = CFrame.new(0.2981,-0.1719,-0.0085,0.8455,0.5319,-0.0468,-0.5328,0.8346,-0.1399,-0.0354,0.1432,0.9891),['Left Leg'] = CFrame.new(-0.2527,0.1826,0.1011,0.6929,-0.6529,0.3060,0.4464,0.7217,0.5290,-0.5662,-0.2300,0.7915),['Head'] = CFrame.new(-0.0251,-0.1869,-0.0172,0.9784,-0.1659,-0.1230,0.1121,0.9269,-0.3583,0.1735,0.3368,0.9255),}},
  [35] = {Time = 0.5666666626930237, Poses = {['HumanoidRootPart'] = CFrame.new(0.0000,0.0000,0.0000,1.0000,0.0000,0.0000,0.0000,1.0000,0.0000,0.0000,0.0000,1.0000),['Torso'] = CFrame.new(3.3365,0.2331,-0.1851,0.9948,0.0353,0.0958,-0.0670,0.9339,0.3512,-0.0771,-0.3558,0.9314),['Right Arm'] = CFrame.new(0.0951,0.0295,0.4657,0.2790,-0.0610,-0.9583,0.9496,-0.1311,0.2848,-0.1430,-0.9895,0.0214),['Left Arm'] = CFrame.new(-0.1898,-0.2084,0.5299,0.2500,0.2911,0.9234,-0.9673,0.1165,0.2251,-0.0421,-0.9496,0.3108),['Right Leg'] = CFrame.new(0.3285,-0.1267,0.0139,0.8267,0.5595,-0.0603,-0.5615,0.8272,-0.0231,0.0370,0.0529,0.9979),['Left Leg'] = CFrame.new(-0.2655,0.1191,0.1184,0.7208,-0.6190,0.3120,0.4828,0.7713,0.4148,-0.4973,-0.1483,0.8548),['Head'] = CFrame.new(-0.0332,-0.1869,-0.0172,0.9940,-0.0761,-0.0781,0.0439,0.9350,-0.3519,0.0998,0.3464,0.9328),}},
  [36] = {Time = 0.5833333134651184, Poses = {['HumanoidRootPart'] = CFrame.new(0.0000,0.0000,0.0000,1.0000,0.0000,0.0000,0.0000,1.0000,0.0000,0.0000,0.0000,1.0000),['Torso'] = CFrame.new(3.2473,0.2397,-0.1732,0.9992,-0.0345,0.0188,0.0257,0.9352,0.3533,-0.0298,-0.3525,0.9353),['Right Arm'] = CFrame.new(0.0845,0.0560,0.4588,0.2848,-0.0356,-0.9579,0.9447,-0.1590,0.2868,-0.1625,-0.9866,-0.0116),['Left Arm'] = CFrame.new(-0.2004,-0.2349,0.5373,0.2495,0.3159,0.9154,-0.9663,0.1426,0.2141,-0.0629,-0.9380,0.3409),['Right Leg'] = CFrame.new(0.3329,-0.0727,0.0328,0.8077,0.5847,-0.0762,-0.5770,0.8104,0.1021,0.1214,-0.0385,0.9919),['Left Leg'] = CFrame.new(-0.2564,0.0512,0.1182,0.7531,-0.5808,0.3091,0.5067,0.8117,0.2904,-0.4196,-0.0621,0.9056),['Head'] = CFrame.new(-0.0406,-0.1869,-0.0172,0.9994,0.0163,-0.0305,-0.0259,0.9369,-0.3486,0.0229,0.3492,0.9368),}},
  [37] = {Time = 0.6000000238418579, Poses = {['HumanoidRootPart'] = CFrame.new(0.0000,0.0000,0.0000,1.0000,0.0000,0.0000,0.0000,1.0000,0.0000,0.0000,0.0000,1.0000),['Torso'] = CFrame.new(3.1555,0.2404,-0.1644,0.9931,-0.1022,-0.0574,0.1159,0.9302,0.3482,0.0178,-0.3525,0.9356),['Right Arm'] = CFrame.new(0.0752,0.0792,0.4528,0.2903,-0.0136,-0.9568,0.9400,-0.1833,0.2878,-0.1793,-0.9830,-0.0405),['Left Arm'] = CFrame.new(-0.2096,-0.2581,0.5438,0.2494,0.3374,0.9077,-0.9650,0.1652,0.2038,-0.0812,-0.9268,0.3667),['Right Leg'] = CFrame.new(0.3121,-0.0122,0.0436,0.7898,0.6065,-0.0918,-0.5762,0.7848,0.2282,0.2104,-0.1273,0.9693),['Left Leg'] = CFrame.new(-0.2241,-0.0144,0.1010,0.7868,-0.5399,0.2989,0.5149,0.8413,0.1643,-0.3402,0.0247,0.9400),['Head'] = CFrame.new(-0.0471,-0.1869,-0.0172,0.9942,0.1064,0.0175,-0.0937,0.9326,-0.3485,-0.0534,0.3449,0.9371),}},
  [38] = {Time = 0.6166666746139526, Poses = {['HumanoidRootPart'] = CFrame.new(0.0000,0.0000,0.0000,1.0000,0.0000,0.0000,0.0000,1.0000,0.0000,0.0000,0.0000,1.0000),['Torso'] = CFrame.new(3.0730,0.2357,-0.1592,0.9779,-0.1642,-0.1291,0.1990,0.9202,0.3372,0.0634,-0.3555,0.9325),['Right Arm'] = CFrame.new(0.0675,0.0986,0.4478,0.2952,0.0047,-0.9554,0.9357,-0.2034,0.2881,-0.1930,-0.9791,-0.0644),['Left Arm'] = CFrame.new(-0.2174,-0.2775,0.5493,0.2498,0.3550,0.9009,-0.9635,0.1836,0.1948,-0.0963,-0.9167,0.3879),['Right Leg'] = CFrame.new(0.2670,0.0536,0.0415,0.7756,0.6225,-0.1046,-0.5579,0.7536,0.3477,0.2952,-0.2113,0.9318),['Left Leg'] = CFrame.new(-0.1658,-0.0691,0.0700,0.8206,-0.4960,0.2840,0.5056,0.8617,0.0442,-0.2666,0.1073,0.9578),['Head'] = CFrame.new(-0.0525,-0.1869,-0.0172,0.9798,0.1894,0.0635,-0.1557,0.9232,-0.3515,-0.1252,0.3345,0.9340),}},
  [39] = {Time = 0.6333333253860474, Poses = {['HumanoidRootPart'] = CFrame.new(0.0000,0.0000,0.0000,1.0000,0.0000,0.0000,0.0000,1.0000,0.0000,0.0000,0.0000,1.0000),['Torso'] = CFrame.new(3.0110,0.2269,-0.1577,0.9568,-0.2173,-0.1931,0.2710,0.9070,0.3222,0.1051,-0.3607,0.9268),['Right Arm'] = CFrame.new(0.0616,0.1134,0.4440,0.2990,0.0185,-0.9541,0.9323,-0.2187,0.2880,-0.2034,-0.9756,-0.0826),['Left Arm'] = CFrame.new(-0.2233,-0.2923,0.5535,0.2502,0.3683,0.8954,-0.9622,0.1975,0.1876,-0.1077,-0.9085,0.4037),['Right Leg'] = CFrame.new(0.1987,0.1243,0.0218,0.7693,0.6287,-0.1133,-0.5227,0.7215,0.4541,0.3672,-0.2902,0.8837),['Left Leg'] = CFrame.new(-0.0733,-0.1022,0.0295,0.8553,-0.4438,0.2673,0.4752,0.8776,-0.0636,-0.2063,0.1814,0.9615),['Head'] = CFrame.new(-0.0566,-0.1869,-0.0172,0.9594,0.2615,0.1055,-0.2089,0.9105,-0.3567,-0.1894,0.3202,0.9282),}},
  [40] = {Time = 0.6499999761581421, Poses = {['HumanoidRootPart'] = CFrame.new(0.0000,0.0000,0.0000,1.0000,0.0000,0.0000,0.0000,1.0000,0.0000,0.0000,0.0000,1.0000),['Torso'] = CFrame.new(2.9801,0.2158,-0.1598,0.9337,-0.2592,-0.2470,0.3290,0.8934,0.3060,0.1413,-0.3670,0.9194),['Right Arm'] = CFrame.new(0.0577,0.1230,0.4416,0.3016,0.0273,-0.9531,0.9300,-0.2286,0.2877,-0.2100,-0.9731,-0.0943),['Left Arm'] = CFrame.new(-0.2271,-0.3019,0.5562,0.2506,0.3768,0.8918,-0.9612,0.2063,0.1829,-0.1151,-0.9030,0.4139),['Right Leg'] = CFrame.new(0.1049,0.2010,-0.0211,0.7763,0.6193,-0.1174,-0.4719,0.6944,0.5432,0.4179,-0.3663,0.8313),['Left Leg'] = CFrame.new(0.1497,-0.0667,-0.0308,0.9098,-0.3301,0.2514,0.3745,0.9142,-0.1549,-0.1786,0.2351,0.9554),['Head'] = CFrame.new(-0.0593,-0.1869,-0.0172,0.9369,0.3195,0.1420,-0.2510,0.8973,-0.3631,-0.2434,0.3045,0.9209),}},
  [41] = {Time = 0.6666666865348816, Poses = {['HumanoidRootPart'] = CFrame.new(0.0000,0.0000,0.0000,1.0000,0.0000,0.0000,0.0000,1.0000,0.0000,0.0000,0.0000,1.0000),['Torso'] = CFrame.new(2.9906,0.2043,-0.1652,0.9129,-0.2882,-0.2890,0.3707,0.8818,0.2915,0.1708,-0.3732,0.9119),['Right Arm'] = CFrame.new(0.0563,0.1266,0.4406,0.3026,0.0307,-0.9526,0.9291,-0.2323,0.2876,-0.2125,-0.9722,-0.0988),['Left Arm'] = CFrame.new(-0.2285,-0.3055,0.5572,0.2507,0.3800,0.8903,-0.9609,0.2097,0.1810,-0.1179,-0.9009,0.4177),['Right Leg'] = CFrame.new(-0.0803,0.3146,-0.1255,0.8240,0.5543,-0.1175,-0.3790,0.6933,0.6130,0.4212,-0.4606,0.7813),['Left Leg'] = CFrame.new(0.1432,-0.1024,-0.0350,0.9108,-0.3372,0.2382,0.3898,0.8924,-0.2275,-0.1358,0.3001,0.9442),['Head'] = CFrame.new(-0.0603,-0.1869,-0.0172,0.9165,0.3613,0.1717,-0.2801,0.8861,-0.3693,-0.2855,0.2904,0.9133),}},
  [42] = {Time = 0.6833333373069763, Poses = {['HumanoidRootPart'] = CFrame.new(0.0000,0.0000,0.0000,1.0000,0.0000,0.0000,0.0000,1.0000,0.0000,0.0000,0.0000,1.0000),['Torso'] = CFrame.new(3.0311,0.1943,-0.1732,0.8981,-0.3035,-0.3183,0.3951,0.8746,0.2811,0.1931,-0.3782,0.9054),['Right Arm'] = CFrame.new(0.0573,0.1239,0.4413,0.3018,0.0282,-0.9529,0.9298,-0.2296,0.2877,-0.2106,-0.9729,-0.0955),['Left Arm'] = CFrame.new(-0.2275,-0.3029,0.5565,0.2506,0.3777,0.8914,-0.9611,0.2072,0.1824,-0.1159,-0.9025,0.4149),['Right Leg'] = CFrame.new(-0.0787,0.3392,-0.1474,0.8119,0.5723,-0.1150,-0.3660,0.6525,0.6635,0.4548,-0.4966,0.7393),['Left Leg'] = CFrame.new(0.1385,-0.1286,-0.0400,0.9101,-0.3455,0.2288,0.4016,0.8717,-0.2808,-0.1025,0.3474,0.9321),['Head'] = CFrame.new(-0.0595,-0.1869,-0.0172,0.9019,0.3858,0.1941,-0.2954,0.8790,-0.3743,-0.3150,0.2803,0.9068),}},
  [43] = {Time = 0.699999988079071, Poses = {['HumanoidRootPart'] = CFrame.new(0.0000,0.0000,0.0000,1.0000,0.0000,0.0000,0.0000,1.0000,0.0000,0.0000,0.0000,1.0000),['Torso'] = CFrame.new(3.0806,0.1867,-0.1828,0.8905,-0.3066,-0.3363,0.4043,0.8721,0.2756,0.2088,-0.3814,0.9005),['Right Arm'] = CFrame.new(0.0608,0.1153,0.4435,0.2995,0.0203,-0.9539,0.9319,-0.2207,0.2879,-0.2047,-0.9751,-0.0850),['Left Arm'] = CFrame.new(-0.2240,-0.2942,0.5540,0.2503,0.3700,0.8947,-0.9620,0.1993,0.1867,-0.1092,-0.9074,0.4058),['Right Leg'] = CFrame.new(-0.0769,0.3559,-0.1638,0.8060,0.5813,-0.1117,-0.3529,0.6233,0.6978,0.4753,-0.5231,0.7075),['Left Leg'] = CFrame.new(0.1354,-0.1465,-0.0444,0.9087,-0.3531,0.2228,0.4101,0.8551,-0.3172,-0.0785,0.3796,0.9218),['Head'] = CFrame.new(-0.0571,-0.1869,-0.0172,0.8944,0.3950,0.2098,-0.2985,0.8765,-0.3776,-0.3331,0.2750,0.9019),}},
  [44] = {Time = 0.7166666388511658, Poses = {['HumanoidRootPart'] = CFrame.new(0.0000,0.0000,0.0000,1.0000,0.0000,0.0000,0.0000,1.0000,0.0000,0.0000,0.0000,1.0000),['Torso'] = CFrame.new(3.1340,0.1819,-0.1931,0.8899,-0.2992,-0.3444,0.4004,0.8741,0.2751,0.2187,-0.3827,0.8976),['Right Arm'] = CFrame.new(0.0663,0.1015,0.4471,0.2959,0.0073,-0.9552,0.9351,-0.2064,0.2881,-0.1950,-0.9784,-0.0679),['Left Arm'] = CFrame.new(-0.2185,-0.2804,0.5501,0.2498,0.3576,0.8999,-0.9633,0.1863,0.1934,-0.0985,-0.9151,0.3910),['Right Leg'] = CFrame.new(-0.0754,0.3659,-0.1744,0.8059,0.5820,-0.1088,-0.3406,0.6060,0.7188,0.4843,-0.5422,0.6866),['Left Leg'] = CFrame.new(0.1336,-0.1573,-0.0474,0.9072,-0.3589,0.2193,0.4158,0.8438,-0.3393,-0.0633,0.3990,0.9148),['Head'] = CFrame.new(-0.0533,-0.1869,-0.0172,0.8938,0.3910,0.2197,-0.2912,0.8785,-0.3788,-0.3411,0.2746,0.8990),}},
  [45] = {Time = 0.7333333492279053, Poses = {['HumanoidRootPart'] = CFrame.new(0.0000,0.0000,0.0000,1.0000,0.0000,0.0000,0.0000,1.0000,0.0000,0.0000,0.0000,1.0000),['Torso'] = CFrame.new(3.1867,0.1800,-0.2031,0.8956,-0.2829,-0.3434,0.3850,0.8797,0.2791,0.2231,-0.3821,0.8968),['Right Arm'] = CFrame.new(0.0737,0.0830,0.4518,0.2912,-0.0100,-0.9566,0.9392,-0.1872,0.2879,-0.1820,-0.9823,-0.0451),['Left Arm'] = CFrame.new(-0.2111,-0.2619,0.5449,0.2495,0.3408,0.9064,-0.9647,0.1688,0.2021,-0.0841,-0.9249,0.3709),['Right Leg'] = CFrame.new(-0.0749,0.3703,-0.1793,0.8110,0.5751,-0.1074,-0.3296,0.6008,0.7283,0.4834,-0.5553,0.6767),['Left Leg'] = CFrame.new(0.1328,-0.1619,-0.0488,0.9061,-0.3627,0.2177,0.4193,0.8383,-0.3486,-0.0561,0.4071,0.9116),['Head'] = CFrame.new(-0.0481,-0.1869,-0.0172,0.8993,0.3755,0.2240,-0.2748,0.8840,-0.3783,-0.3401,0.2786,0.8982),}},
  [46] = {Time = 0.75, Poses = {['HumanoidRootPart'] = CFrame.new(0.0000,0.0000,0.0000,1.0000,0.0000,0.0000,0.0000,1.0000,0.0000,0.0000,0.0000,1.0000),['Torso'] = CFrame.new(3.2343,0.1807,-0.2122,0.9063,-0.2588,-0.3341,0.3593,0.8881,0.2867,0.2225,-0.3799,0.8979),['Right Arm'] = CFrame.new(0.0827,0.0605,0.4576,0.2859,-0.0313,-0.9578,0.9438,-0.1638,0.2871,-0.1658,-0.9860,-0.0173),['Left Arm'] = CFrame.new(-0.2022,-0.2394,0.5386,0.2494,0.3202,0.9139,-0.9661,0.1471,0.2121,-0.0665,-0.9359,0.3460),['Right Leg'] = CFrame.new(-0.0755,0.3696,-0.1787,0.8204,0.5616,-0.1079,-0.3198,0.6070,0.7275,0.4740,-0.5623,0.6776),['Left Leg'] = CFrame.new(0.1326,-0.1606,-0.0483,0.9054,-0.3647,0.2173,0.4208,0.8385,-0.3462,-0.0560,0.4049,0.9126),['Head'] = CFrame.new(-0.0419,-0.1869,-0.0172,0.9098,0.3498,0.2233,-0.2507,0.8921,-0.3760,-0.3307,0.2861,0.8993),}},
